https://no-la.github.io/my-portfolio-for-2026/
